788904187
788484116
788193175
787952196
783463172
781967804
781257273
778721053
777666209
776947552
775694593
774974183
770498335
768091225
768017951
763530412
762740096
761147339
759733455
759509945
759349281
756942088
756274538
755864434
755390927
754485233
753996128
753081541
752982997
752357254
751592234
750321049
747376501
747340824
747190127
747049054
746936973
746906930
745998056
745859539
744289041
744101886
743707830
743664891
743338846
742952354
741627766
740708505
739873020
739456439
739231862
737314500
737188263
736998818
736285922
736245865
735640037
734450841
733763599
732704251
729872745
729387205
723428990
722127586
721890332
721390951
721050559
719672188
719599923
719452043
719408966
718641820
718394110
718386869
716103097
715604752
715187701
714987453
713818289
712377230
712340575
711738149
711321760
711291693
711145293
710873363
710544489
710306706
710075553
708825603
707043613
706767331
704695855
704685305
703547909
703534395
702425424
702318659
701990098
701310942
699299354
698725440
698495226
698492251
698255999
698015021
698009888
697269073
696644110
696564890
695588778
695540870
695209387
694003549
693704259
692542340
692214112
691367808
690452555
690403808
689981082
689541742
688777484
688457921
685924112
685911390
684858751
684726644
683614285
682956251
682725441
681891634
681551317
680076740
679309944
678937117
678366653
675640686
675086334
674713160
674167478
673826082
673792434
673790949
673624336
672734034
672563087
672560934
672253980
671882584
671789273
671576778
670928905
670683930
670562510
669930025
669772858
669593913
669571871
668688840
668011959
666943161
665840102
665704376
664791673
664619413
664292367
664097042
663803054
662874899
662008468
660807771
660670083
659789922
659441108
658922153
656631234
655880544
655759233
655651531
653444783
651596463
650304205
649502880
648103222
647131387
647026814
646557521
646343164
645976461
645678157
645645831
645498491
645197007
643528489
643339191
643167626
642930439
641758034
639134232
638336814
637024807
636892753
636584756
635913057
633991093
633944611
633254852
633237967
632897835
632686489
632229973
631651236
631582694
631144727
628482081
628426309
628384273
625153343
623883673
623396320
622786762
622701228
622109282
621907150
621580993
621392850
621063123
620333455
620131626
618191055
617727516
617508507
616806250
616295859
616059367
616048662
615929580
615599270
614583910
614505125
613954737
613934424
613854499
613053860
613049317
613003890
612552715
612473438
612320835
612291123
612194327
611565055
611538202
610721319
610461600
610126278
609716165
609162932
609145013
608869375
608529487
607422614
607317226
607235594
606686978
606642116
606152352
606120909
605473972
604970794
604731111
604569551
604287566
603579490
602733247
601121528
599984772
599411414
598708877
598608834
596775675
596506336
595046889
594564074
594359613
593328731
593124181
592660274
590979296
590862815
590513966
590434998
590397603
590283769
590224231
590061845
589807688
589167171
589166788
589094038
588853684
588114821
588109643
588105663
587901152
587818236
587805225
586421406
585884521
584656759
584196162
583791772
582982614
582509070
582285553
581875230
580725355
579832520
579438487
579266087
579154941
578645903
578374619
577300841
577158410
576881288
576829740
576816370
576776395
576707588
576525274
576497514
575668118
575487479
575324292
575205770
574908773
574515154
574233653
573435405
572674462
572280348
572213724
571613255
571241215
571149110
570992515
570610906
570417159
569937943
569588761
568746976
567167032
566939154
566267018
565818079
565203147
564919270
564620674
564537620
564126555
563926053
563902171
563724375
563534285
563206427
563156107
563100357
562880959
562450242
562318036
562090160
562040104
561840561
561601109
561309607
561294331
561178954
561128097
560977262
560974075
560543147
560293803
560283888
560047735
559901403
559894789
559866196
559616962
559587648
559456251
559388547
559301301
559026838
558738006
558390961
558025303
558020047
557403522
556812942
556606946
555978275
555552618
555521869
555415174
554938079
554798065
554023856
553982462
553813843
553725784
553517577
553388954
553271427
553220236
553046706
552876652
552247264
552230587
552155581
551580177
551241723
550745390
550036767
549506047
549280320
549269185
549167219
549029249
548709468
548348500
548270420
547986972
547879962
547641707
547497821
547241997
547106401
547039061
546991816
546955609
546540009
546535132
546460809
545964899
545873809
545826870
545480522
544948263
544649383
544338544
544016666
543774142
543552361
543489618
543287766
543206397
543022199
542541078
541821609
541773179
541739560
541317937
541212081
541203887
541041409
540965420
540890152
540889162
540520209
539652887
539581811
539506020
539295006
539243494
539081896
539057850
538909602
538449825
538153677
537272842
536511287
536300101
535981157
535707887
535046861
535013911
534283042
533962713
533679199
533633091
533632728
532966113
532910673
532842207
532559936
532257955
532138413
531738761
531560741
531551523
531446268
531179266
530804620
530765432
530433086
530169244
529965951
529941470
529908349
529289347
528871866
528806902
528582027
527895060
527741041
527218061
527114087
526858018
526496783
526478552
526008850
525958153
525932046
525837469
525539347
525502185
524132277
524121088
524121086
524076734
523853564
523814865
523675956
523573684
523530084
523275205
522854180
522794478
522769321
522526941
522315310
522216379
521306007
520935888
520019396
519946367
519876706
519232551
519057809
518885001
518516184
518427476
518144409
517829510
517630279
517618248
517292715
517291058
517156958
517030587
517024626
516655399
516432865
516305312
516223085
516187779
515856405
515388913
514990701
514984736
514638647
514525619
514473343
514216232
514020932
513783292
513576937
513519741
513493139
513342416
513145899
512620223
512618125
512333167
512321214
511931828
511701952
511701867
511582552
511513624
511349969
510689004
510636986
510338299
510290572
510087655
509898237
509747231
509225603
509086215
508960023
508951653
508814731
508530300
508327338
508281664
507421136
507184416
507001860
506962581
506134475
505969248
505918303
505781935
505696200
505250345
505194912
505124136
504894199
504465557
504339195
504263183
504230628
503871201
503753641
503722363
503474599
503371111
503239963
503157717
502939690
502406391
501982211
501979790
501924312
501728252
501574923
501431598
501186272
501014660
500949006
500787601
500732635
500714042
500300667
500174451
500098060
499890341
499803146
499529123
499138953
498966511
498895885
498132992
497812753
497793140
497737567
497626570
497376746
497238925
496933875
496624563
496334228
496165085
496027611
495994011
495603525
494775430
494746279
494493098
494374041
494354926
494309690
494275997
493879710
493823868
493682636
493291719
493226479
492712159
492660974
492459433
492036392
491305136
491260280
491225214
490954146
490644003
489598290
489419319
489382166
488840169
488412043
488377753
488196808
487850604
487625826
487562235
487412476
486772086
485683246
485668186
485174168
485017633
484986855
484749133
484748224
484080761
483853327
483511019
483456421
483327864
483214798
482924551
788484116
788193175
787952196
783463172
781967804
781257273
778721053
777666209
776947552
775694593
774974183
770498335
768091225
768017951
763530412
762740096
761147339
759733455
759509945
759349281
756942088
756274538
755864434
755390927
754485233
753996128
753081541
752982997
752357254
751592234
750321049
747376501
747340824
747190127
747049054
746936973
746906930
745998056
745859539
744289041
744101886
743707830
743664891
743338846
742952354
741627766
740708505
739873020
739456439
739231862
737314500
737188263
736998818
736285922
736245865
735640037
734450841
733763599
732704251
729872745
729387205
723428990
722127586
721890332
721390951
721050559
719672188
719599923
719452043
719408966
718641820
718394110
718386869
716103097
715604752
715187701
714987453
713818289
712377230
712340575
711738149
711321760
711291693
711145293
710873363
710544489
710306706
710075553
708825603
707043613
706767331
704695855
704685305
703547909
703534395
702425424
702318659
701990098
701310942
699299354
698725440
698495226
698492251
698255999
698015021
698009888
697269073
696644110
696564890
695588778
695540870
695209387
694003549
693704259
692542340
692214112
691367808
690452555
690403808
689981082
689541742
688777484
688457921
685924112
685911390
684858751
684726644
683614285
682956251
682725441
681891634
681551317
680076740
679309944
678937117
678366653
675640686
675086334
674713160
674167478
673826082
673792434
673790949
673624336
672734034
672563087
672560934
672253980
671882584
671789273
671576778
670928905
670683930
670562510
669930025
669772858
669593913
669571871
668688840
668011959
666943161
665840102
665704376
664791673
664619413
664292367
664097042
663803054
662874899
662008468
660807771
660670083
659789922
659441108
658922153
656631234
655880544
655759233
655651531
653444783
651596463
650304205
649502880
648103222
647131387
647026814
646557521
646343164
645976461
645678157
645645831
645498491
645197007
643528489
643339191
643167626
642930439
641758034
639134232
638336814
637024807
636892753
636584756
635913057
633991093
633944611
633254852
633237967
632897835
632686489
632229973
631651236
631582694
631144727
628482081
628426309
628384273
625153343
623883673
623396320
622786762
622701228
622109282
621907150
621580993
621392850
621063123
620333455
620131626
618191055
617727516
617508507
616806250
616295859
616059367
616048662
615929580
615599270
614583910
614505125
613954737
613934424
613854499
613053860
613049317
613003890
612552715
612473438
612320835
612291123
612194327
611565055
611538202
610721319
610461600
610126278
609716165
609162932
609145013
608869375
608529487
607422614
607317226
607235594
606686978
606642116
606152352
606120909
605473972
604970794
604731111
604569551
604287566
603579490
602733247
601121528
599984772
599411414
598708877
598608834
596775675
596506336
595046889
594564074
594359613
593328731
593124181
592660274
590979296
590862815
590513966
590434998
590397603
590283769
590224231
590061845
589807688
589167171
589166788
589094038
588853684
588114821
588109643
588105663
587901152
587818236
587805225
586421406
585884521
584656759
584196162
583791772
582982614
582509070
582285553
581875230
580725355
579832520
579438487
579266087
579154941
578645903
578374619
577300841
577158410
576881288
576829740
576816370
576776395
576707588
576525274
576497514
575668118
575487479
575324292
575205770
574908773
574515154
574233653
573435405
572674462
572280348
572213724
571613255
571241215
571149110
570992515
570610906
570417159
569937943
569588761
568746976
567167032
566939154
566267018
565818079
565203147
564919270
564620674
564537620
564126555
563926053
563902171
563724375
563534285
563206427
563156107
563100357
562880959
562450242
562318036
562090160
562040104
561840561
561601109
561309607
561294331
561178954
561128097
560977262
560974075
560543147
560293803
560283888
560047735
559901403
559894789
559866196
559616962
559587648
559456251
559388547
559301301
559026838
558738006
558390961
558025303
558020047
557403522
556812942
556606946
555978275
555552618
555521869
555415174
554938079
554798065
554023856
553982462
553813843
553725784
553517577
553388954
553271427
553220236
553046706
552876652
552247264
552230587
552155581
551580177
551241723
550745390
550036767
549506047
549280320
549269185
549167219
549029249
548709468
548348500
548270420
547986972
547879962
547641707
547497821
547241997
547106401
547039061
546991816
546955609
546540009
546535132
546460809
545964899
545873809
545826870
545480522
544948263
544649383
544338544
544016666
543774142
543552361
543489618
543287766
543206397
543022199
542541078
541821609
541773179
541739560
541317937
541212081
541203887
541041409
540965420
540890152
540889162
540520209
539652887
539581811
539506020
539295006
539243494
539081896
539057850
538909602
538449825
538153677
537272842
536511287
536300101
535981157
535707887
535046861
535013911
534283042
533962713
533679199
533633091
533632728
532966113
532910673
532842207
532559936
532257955
532138413
531738761
531560741
531551523
531446268
531179266
530804620
530765432
530433086
530169244
529965951
529941470
529908349
529289347
528871866
528806902
528582027
527895060
527741041
527218061
527114087
526858018
526496783
526478552
526008850
525958153
525932046
525837469
525539347
525502185
524132277
524121088
524121086
524076734
523853564
523814865
523675956
523573684
523530084
523275205
522854180
522794478
522769321
522526941
522315310
522216379
521306007
520935888
520019396
519946367
519876706
519232551
519057809
518885001
518516184
518427476
518144409
517829510
517630279
517618248
517292715
517291058
517156958
517030587
517024626
516655399
516432865
516305312
516223085
516187779
515856405
515388913
514990701
514984736
514638647
514525619
514473343
514216232
514020932
513783292
513576937
513519741
513493139
513342416
513145899
512620223
512618125
512333167
512321214
511931828
511701952
511701867
511582552
511513624
511349969
510689004
510636986
510338299
510290572
510087655
509898237
509747231
509225603
509086215
508960023
508951653
508814731
508530300
508327338
508281664
507421136
507184416
507001860
506962581
506134475
505969248
505918303
505781935
505696200
505250345
505194912
505124136
504894199
504465557
504339195
504263183
504230628
503871201
503753641
503722363
503474599
503371111
503239963
503157717
502939690
502406391
501982211
501979790
501924312
501728252
501574923
501431598
501186272
501014660
500949006
500787601
500732635
500714042
500300667
500174451
500098060
499890341
499803146
499529123
499138953
498966511
498895885
498132992
497812753
497793140
497737567
497626570
497376746
497238925
496933875
496624563
496334228
496165085
496027611
495994011
495603525
494775430
494746279
494493098
494374041
494354926
494309690
494275997
493879710
493823868
493682636
493291719
493226479
492712159
492660974
492459433
492036392
491305136
491260280
491225214
490954146
490644003
489598290
489419319
489382166
488840169
488412043
488377753
488196808
487850604
487625826
487562235
487412476
486772086
485683246
485668186
485174168
485017633
484986855
484749133
484748224
484080761
483853327
483511019
483456421
483327864
483214798
482924551
482830360
788193175
787952196
783463172
781967804
781257273
778721053
777666209
776947552
775694593
774974183
770498335
768091225
768017951
763530412
762740096
761147339
759733455
759509945
759349281
756942088
756274538
755864434
755390927
754485233
753996128
753081541
752982997
752357254
751592234
750321049
747376501
747340824
747190127
747049054
746936973
746906930
745998056
745859539
744289041
744101886
743707830
743664891
743338846
742952354
741627766
740708505
739873020
739456439
739231862
737314500
737188263
736998818
736285922
736245865
735640037
734450841
733763599
732704251
729872745
729387205
723428990
722127586
721890332
721390951
721050559
719672188
719599923
719452043
719408966
718641820
718394110
718386869
716103097
715604752
715187701
714987453
713818289
712377230
712340575
711738149
711321760
711291693
711145293
710873363
710544489
710306706
710075553
708825603
707043613
706767331
704695855
704685305
703547909
703534395
702425424
702318659
701990098
701310942
699299354
698725440
698495226
698492251
698255999
698015021
698009888
697269073
696644110
696564890
695588778
695540870
695209387
694003549
693704259
692542340
692214112
691367808
690452555
690403808
689981082
689541742
688777484
688457921
685924112
685911390
684858751
684726644
683614285
682956251
682725441
681891634
681551317
680076740
679309944
678937117
678366653
675640686
675086334
674713160
674167478
673826082
673792434
673790949
673624336
672734034
672563087
672560934
672253980
671882584
671789273
671576778
670928905
670683930
670562510
669930025
669772858
669593913
669571871
668688840
668011959
666943161
665840102
665704376
664791673
664619413
664292367
664097042
663803054
662874899
662008468
660807771
660670083
659789922
659441108
658922153
656631234
655880544
655759233
655651531
653444783
651596463
650304205
649502880
648103222
647131387
647026814
646557521
646343164
645976461
645678157
645645831
645498491
645197007
643528489
643339191
643167626
642930439
641758034
639134232
638336814
637024807
636892753
636584756
635913057
633991093
633944611
633254852
633237967
632897835
632686489
632229973
631651236
631582694
631144727
628482081
628426309
628384273
625153343
623883673
623396320
622786762
622701228
622109282
621907150
621580993
621392850
621063123
620333455
620131626
618191055
617727516
617508507
616806250
616295859
616059367
616048662
615929580
615599270
614583910
614505125
613954737
613934424
613854499
613053860
613049317
613003890
612552715
612473438
612320835
612291123
612194327
611565055
611538202
610721319
610461600
610126278
609716165
609162932
609145013
608869375
608529487
607422614
607317226
607235594
606686978
606642116
606152352
606120909
605473972
604970794
604731111
604569551
604287566
603579490
602733247
601121528
599984772
599411414
598708877
598608834
596775675
596506336
595046889
594564074
594359613
593328731
593124181
592660274
590979296
590862815
590513966
590434998
590397603
590283769
590224231
590061845
589807688
589167171
589166788
589094038
588853684
588114821
588109643
588105663
587901152
587818236
587805225
586421406
585884521
584656759
584196162
583791772
582982614
582509070
582285553
581875230
580725355
579832520
579438487
579266087
579154941
578645903
578374619
577300841
577158410
576881288
576829740
576816370
576776395
576707588
576525274
576497514
575668118
575487479
575324292
575205770
574908773
574515154
574233653
573435405
572674462
572280348
572213724
571613255
571241215
571149110
570992515
570610906
570417159
569937943
569588761
568746976
567167032
566939154
566267018
565818079
565203147
564919270
564620674
564537620
564126555
563926053
563902171
563724375
563534285
563206427
563156107
563100357
562880959
562450242
562318036
562090160
562040104
561840561
561601109
561309607
561294331
561178954
561128097
560977262
560974075
560543147
560293803
560283888
560047735
559901403
559894789
559866196
559616962
559587648
559456251
559388547
559301301
559026838
558738006
558390961
558025303
558020047
557403522
556812942
556606946
555978275
555552618
555521869
555415174
554938079
554798065
554023856
553982462
553813843
553725784
553517577
553388954
553271427
553220236
553046706
552876652
552247264
552230587
552155581
551580177
551241723
550745390
550036767
549506047
549280320
549269185
549167219
549029249
548709468
548348500
548270420
547986972
547879962
547641707
547497821
547241997
547106401
547039061
546991816
546955609
546540009
546535132
546460809
545964899
545873809
545826870
545480522
544948263
544649383
544338544
544016666
543774142
543552361
543489618
543287766
543206397
543022199
542541078
541821609
541773179
541739560
541317937
541212081
541203887
541041409
540965420
540890152
540889162
540520209
539652887
539581811
539506020
539295006
539243494
539081896
539057850
538909602
538449825
538153677
537272842
536511287
536300101
535981157
535707887
535046861
535013911
534283042
533962713
533679199
533633091
533632728
532966113
532910673
532842207
532559936
532257955
532138413
531738761
531560741
531551523
531446268
531179266
530804620
530765432
530433086
530169244
529965951
529941470
529908349
529289347
528871866
528806902
528582027
527895060
527741041
527218061
527114087
526858018
526496783
526478552
526008850
525958153
525932046
525837469
525539347
525502185
524132277
524121088
524121086
524076734
523853564
523814865
523675956
523573684
523530084
523275205
522854180
522794478
522769321
522526941
522315310
522216379
521306007
520935888
520019396
519946367
519876706
519232551
519057809
518885001
518516184
518427476
518144409
517829510
517630279
517618248
517292715
517291058
517156958
517030587
517024626
516655399
516432865
516305312
516223085
516187779
515856405
515388913
514990701
514984736
514638647
514525619
514473343
514216232
514020932
513783292
513576937
513519741
513493139
513342416
513145899
512620223
512618125
512333167
512321214
511931828
511701952
511701867
511582552
511513624
511349969
510689004
510636986
510338299
510290572
510087655
509898237
509747231
509225603
509086215
508960023
508951653
508814731
508530300
508327338
508281664
507421136
507184416
507001860
506962581
506134475
505969248
505918303
505781935
505696200
505250345
505194912
505124136
504894199
504465557
504339195
504263183
504230628
503871201
503753641
503722363
503474599
503371111
503239963
503157717
502939690
502406391
501982211
501979790
501924312
501728252
501574923
501431598
501186272
501014660
500949006
500787601
500732635
500714042
500300667
500174451
500098060
499890341
499803146
499529123
499138953
498966511
498895885
498132992
497812753
497793140
497737567
497626570
497376746
497238925
496933875
496624563
496334228
496165085
496027611
495994011
495603525
494775430
494746279
494493098
494374041
494354926
494309690
494275997
493879710
493823868
493682636
493291719
493226479
492712159
492660974
492459433
492036392
491305136
491260280
491225214
490954146
490644003
489598290
489419319
489382166
488840169
488412043
488377753
488196808
487850604
487625826
487562235
487412476
486772086
485683246
485668186
485174168
485017633
484986855
484749133
484748224
484080761
483853327
483511019
483456421
483327864
483214798
482924551
482830360
482104981
788193175
787952196
783463172
781967804
781257273
778721053
777666209
776947552
775694593
774974183
770498335
768091225
768017951
763530412
762740096
761147339
759733455
759509945
759349281
756942088
756274538
755864434
755390927
754485233
753996128
753081541
752982997
752357254
751592234
750321049
747376501
747340824
747190127
747049054
746936973
746906930
745998056
745859539
744289041
744101886
743707830
743664891
743338846
742952354
741627766
740708505
739873020
739456439
739231862
737314500
737188263
736998818
736285922
736245865
735640037
734450841
733763599
732704251
729872745
729387205
723428990
722127586
721890332
721390951
721050559
719672188
719599923
719452043
719408966
718641820
718394110
718386869
716103097
715604752
715187701
714987453
713818289
712377230
712340575
711738149
711321760
711291693
711145293
710873363
710544489
710306706
710075553
708825603
707043613
706767331
704695855
704685305
703547909
703534395
702425424
702318659
701990098
701310942
699299354
698725440
698495226
698492251
698255999
698015021
698009888
697269073
696644110
696564890
695588778
695540870
695209387
694003549
693704259
692542340
692214112
691367808
690452555
690403808
689981082
689541742
688777484
688457921
685924112
685911390
684858751
684726644
683614285
682956251
682725441
681891634
681551317
680076740
679309944
678937117
678366653
675640686
675086334
674713160
674167478
673826082
673792434
673790949
673624336
672734034
672563087
672560934
672253980
671882584
671789273
671576778
670928905
670683930
670562510
669930025
669772858
669593913
669571871
668688840
668011959
666943161
665840102
665704376
664791673
664619413
664292367
664097042
663803054
662874899
662008468
660807771
660670083
659789922
659441108
658922153
656631234
655880544
655759233
655651531
653444783
651596463
650304205
649502880
648103222
647131387
647026814
646557521
646343164
645976461
645678157
645645831
645498491
645197007
643528489
643339191
643167626
642930439
641758034
639134232
638336814
637024807
636892753
636584756
635913057
633991093
633944611
633254852
633237967
632897835
632686489
632229973
631651236
631582694
631144727
628482081
628426309
628384273
625153343
623883673
623396320
622786762
622701228
622109282
621907150
621580993
621392850
621063123
620333455
620131626
618191055
617727516
617508507
616806250
616295859
616059367
616048662
615929580
615599270
614583910
614505125
613954737
613934424
613854499
613053860
613049317
613003890
612552715
612473438
612320835
612291123
612194327
611565055
611538202
610721319
610461600
610126278
609716165
609162932
609145013
608869375
608529487
607422614
607317226
607235594
606686978
606642116
606152352
606120909
605473972
604970794
604731111
604569551
604287566
603579490
602733247
601121528
599984772
599411414
598708877
598608834
596775675
596506336
595046889
594564074
594359613
593328731
593124181
592660274
590979296
590862815
590513966
590434998
590397603
590283769
590224231
590061845
589807688
589167171
589166788
589094038
588853684
588114821
588109643
588105663
587901152
587818236
587805225
586421406
585884521
584656759
584196162
583791772
582982614
582509070
582285553
581875230
580725355
579832520
579438487
579266087
579154941
578645903
578374619
577300841
577158410
576881288
576829740
576816370
576776395
576707588
576525274
576497514
575668118
575487479
575324292
575205770
574908773
574515154
574233653
573435405
572674462
572280348
572213724
571613255
571241215
571149110
570992515
570610906
570417159
569937943
569588761
568746976
567167032
566939154
566267018
565818079
565203147
564919270
564620674
564537620
564126555
563926053
563902171
563724375
563534285
563206427
563156107
563100357
562880959
562450242
562318036
562090160
562040104
561840561
561601109
561309607
561294331
561178954
561128097
560977262
560974075
560543147
560293803
560283888
560047735
559901403
559894789
559866196
559616962
559587648
559456251
559388547
559301301
559026838
558738006
558390961
558025303
558020047
557403522
556812942
556606946
555978275
555552618
555521869
555415174
554938079
554798065
554023856
553982462
553813843
553725784
553517577
553388954
553271427
553220236
553046706
552876652
552247264
552230587
552155581
551580177
551241723
550745390
550036767
549506047
549280320
549269185
549167219
549029249
548709468
548348500
548270420
547986972
547879962
547641707
547497821
547241997
547106401
547039061
546991816
546955609
546540009
546535132
546460809
545964899
545873809
545826870
545480522
544948263
544649383
544338544
544016666
543774142
543552361
543489618
543287766
543206397
543022199
542541078
541821609
541773179
541739560
541317937
541212081
541203887
541041409
540965420
540890152
540889162
540520209
539652887
539581811
539506020
539295006
539243494
539081896
539057850
538909602
538449825
538153677
537272842
536511287
536300101
535981157
535707887
535046861
535013911
534283042
533962713
533679199
533633091
533632728
532966113
532910673
532842207
532559936
532257955
532138413
531738761
531560741
531551523
531446268
531179266
530804620
530765432
530433086
530169244
529965951
529941470
529908349
529289347
528871866
528806902
528582027
527895060
527741041
527218061
527114087
526858018
526496783
526478552
526008850
525958153
525932046
525837469
525539347
525502185
524132277
524121088
524121086
524076734
523853564
523814865
523675956
523573684
523530084
523275205
522854180
522794478
522769321
522526941
522315310
522216379
521306007
520935888
520019396
519946367
519876706
519232551
519057809
518885001
518516184
518427476
518144409
517829510
517630279
517618248
517292715
517291058
517156958
517030587
517024626
516655399
516432865
516305312
516223085
516187779
515856405
515388913
514990701
514984736
514638647
514525619
514473343
514216232
514020932
513783292
513576937
513519741
513493139
513342416
513145899
512620223
512618125
512333167
512321214
511931828
511701952
511701867
511582552
511513624
511349969
510689004
510636986
510338299
510290572
510087655
509898237
509747231
509225603
509086215
508960023
508951653
508814731
508530300
508327338
508281664
507421136
507184416
507001860
506962581
506134475
505969248
505918303
505781935
505696200
505250345
505194912
505124136
504894199
504465557
504339195
504263183
504230628
503871201
503753641
503722363
503474599
503371111
503239963
503157717
502939690
502406391
501982211
501979790
501924312
501728252
501574923
501431598
501186272
501014660
500949006
500787601
500732635
500714042
500300667
500174451
500098060
499890341
499803146
499529123
499138953
498966511
498895885
498132992
497812753
497793140
497737567
497626570
497376746
497238925
496933875
496624563
496334228
496165085
496027611
495994011
495603525
494775430
494746279
494493098
494374041
494354926
494309690
494275997
493879710
493823868
493682636
493291719
493226479
492712159
492660974
492459433
492036392
491305136
491260280
491225214
490954146
490644003
489598290
489419319
489382166
488840169
488412043
488377753
488196808
487850604
487625826
487562235
487412476
486772086
485683246
485668186
485174168
485017633
484986855
484749133
484748224
484080761
483853327
483511019
483456421
483327864
483214798
482924551
482830360
482104981
481406027
787952196
783463172
781967804
781257273
778721053
777666209
776947552
775694593
774974183
770498335
768091225
768017951
763530412
762740096
761147339
759733455
759509945
759349281
756942088
756274538
755864434
755390927
754485233
753996128
753081541
752982997
752357254
751592234
750321049
747376501
747340824
747190127
747049054
746936973
746906930
745998056
745859539
744289041
744101886
743707830
743664891
743338846
742952354
741627766
740708505
739873020
739456439
739231862
737314500
737188263
736998818
736285922
736245865
735640037
734450841
733763599
732704251
729872745
729387205
723428990
722127586
721890332
721390951
721050559
719672188
719599923
719452043
719408966
718641820
718394110
718386869
716103097
715604752
715187701
714987453
713818289
712377230
712340575
711738149
711321760
711291693
711145293
710873363
710544489
710306706
710075553
708825603
707043613
706767331
704695855
704685305
703547909
703534395
702425424
702318659
701990098
701310942
699299354
698725440
698495226
698492251
698255999
698015021
698009888
697269073
696644110
696564890
695588778
695540870
695209387
694003549
693704259
692542340
692214112
691367808
690452555
690403808
689981082
689541742
688777484
688457921
685924112
685911390
684858751
684726644
683614285
682956251
682725441
681891634
681551317
680076740
679309944
678937117
678366653
675640686
675086334
674713160
674167478
673826082
673792434
673790949
673624336
672734034
672563087
672560934
672253980
671882584
671789273
671576778
670928905
670683930
670562510
669930025
669772858
669593913
669571871
668688840
668011959
666943161
665840102
665704376
664791673
664619413
664292367
664097042
663803054
662874899
662008468
660807771
660670083
659789922
659441108
658922153
656631234
655880544
655759233
655651531
653444783
651596463
650304205
649502880
648103222
647131387
647026814
646557521
646343164
645976461
645678157
645645831
645498491
645197007
643528489
643339191
643167626
642930439
641758034
639134232
638336814
637024807
636892753
636584756
635913057
633991093
633944611
633254852
633237967
632897835
632686489
632229973
631651236
631582694
631144727
628482081
628426309
628384273
625153343
623883673
623396320
622786762
622701228
622109282
621907150
621580993
621392850
621063123
620333455
620131626
618191055
617727516
617508507
616806250
616295859
616059367
616048662
615929580
615599270
614583910
614505125
613954737
613934424
613854499
613053860
613049317
613003890
612552715
612473438
612320835
612291123
612194327
611565055
611538202
610721319
610461600
610126278
609716165
609162932
609145013
608869375
608529487
607422614
607317226
607235594
606686978
606642116
606152352
606120909
605473972
604970794
604731111
604569551
604287566
603579490
602733247
601121528
599984772
599411414
598708877
598608834
596775675
596506336
595046889
594564074
594359613
593328731
593124181
592660274
590979296
590862815
590513966
590434998
590397603
590283769
590224231
590061845
589807688
589167171
589166788
589094038
588853684
588114821
588109643
588105663
587901152
587818236
587805225
586421406
585884521
584656759
584196162
583791772
582982614
582509070
582285553
581875230
580725355
579832520
579438487
579266087
579154941
578645903
578374619
577300841
577158410
576881288
576829740
576816370
576776395
576707588
576525274
576497514
575668118
575487479
575324292
575205770
574908773
574515154
574233653
573435405
572674462
572280348
572213724
571613255
571241215
571149110
570992515
570610906
570417159
569937943
569588761
568746976
567167032
566939154
566267018
565818079
565203147
564919270
564620674
564537620
564126555
563926053
563902171
563724375
563534285
563206427
563156107
563100357
562880959
562450242
562318036
562090160
562040104
561840561
561601109
561309607
561294331
561178954
561128097
560977262
560974075
560543147
560293803
560283888
560047735
559901403
559894789
559866196
559616962
559587648
559456251
559388547
559301301
559026838
558738006
558390961
558025303
558020047
557403522
556812942
556606946
555978275
555552618
555521869
555415174
554938079
554798065
554023856
553982462
553813843
553725784
553517577
553388954
553271427
553220236
553046706
552876652
552247264
552230587
552155581
551580177
551241723
550745390
550036767
549506047
549280320
549269185
549167219
549029249
548709468
548348500
548270420
547986972
547879962
547641707
547497821
547241997
547106401
547039061
546991816
546955609
546540009
546535132
546460809
545964899
545873809
545826870
545480522
544948263
544649383
544338544
544016666
543774142
543552361
543489618
543287766
543206397
543022199
542541078
541821609
541773179
541739560
541317937
541212081
541203887
541041409
540965420
540890152
540889162
540520209
539652887
539581811
539506020
539295006
539243494
539081896
539057850
538909602
538449825
538153677
537272842
536511287
536300101
535981157
535707887
535046861
535013911
534283042
533962713
533679199
533633091
533632728
532966113
532910673
532842207
532559936
532257955
532138413
531738761
531560741
531551523
531446268
531179266
530804620
530765432
530433086
530169244
529965951
529941470
529908349
529289347
528871866
528806902
528582027
527895060
527741041
527218061
527114087
526858018
526496783
526478552
526008850
525958153
525932046
525837469
525539347
525502185
524132277
524121088
524121086
524076734
523853564
523814865
523675956
523573684
523530084
523275205
522854180
522794478
522769321
522526941
522315310
522216379
521306007
520935888
520019396
519946367
519876706
519232551
519057809
518885001
518516184
518427476
518144409
517829510
517630279
517618248
517292715
517291058
517156958
517030587
517024626
516655399
516432865
516305312
516223085
516187779
515856405
515388913
514990701
514984736
514638647
514525619
514473343
514216232
514020932
513783292
513576937
513519741
513493139
513342416
513145899
512620223
512618125
512333167
512321214
511931828
511701952
511701867
511582552
511513624
511349969
510689004
510636986
510338299
510290572
510087655
509898237
509747231
509225603
509086215
508960023
508951653
508814731
508530300
508327338
508281664
507421136
507184416
507001860
506962581
506134475
505969248
505918303
505781935
505696200
505250345
505194912
505124136
504894199
504465557
504339195
504263183
504230628
503871201
503753641
503722363
503474599
503371111
503239963
503157717
502939690
502406391
501982211
501979790
501924312
501728252
501574923
501431598
501186272
501014660
500949006
500787601
500732635
500714042
500300667
500174451
500098060
499890341
499803146
499529123
499138953
498966511
498895885
498132992
497812753
497793140
497737567
497626570
497376746
497238925
496933875
496624563
496334228
496165085
496027611
495994011
495603525
494775430
494746279
494493098
494374041
494354926
494309690
494275997
493879710
493823868
493682636
493291719
493226479
492712159
492660974
492459433
492036392
491305136
491260280
491225214
490954146
490644003
489598290
489419319
489382166
488840169
488412043
488377753
488196808
487850604
487625826
487562235
487412476
486772086
485683246
485668186
485174168
485017633
484986855
484749133
484748224
484080761
483853327
483511019
483456421
483327864
483214798
482924551
482830360
482104981
481406027
481174188
783463172
781967804
781257273
778721053
777666209
776947552
775694593
774974183
770498335
768091225
768017951
763530412
762740096
761147339
759733455
759509945
759349281
756942088
756274538
755864434
755390927
754485233
753996128
753081541
752982997
752357254
751592234
750321049
747376501
747340824
747190127
747049054
746936973
746906930
745998056
745859539
744289041
744101886
743707830
743664891
743338846
742952354
741627766
740708505
739873020
739456439
739231862
737314500
737188263
736998818
736285922
736245865
735640037
734450841
733763599
732704251
729872745
729387205
723428990
722127586
721890332
721390951
721050559
719672188
719599923
719452043
719408966
718641820
718394110
718386869
716103097
715604752
715187701
714987453
713818289
712377230
712340575
711738149
711321760
711291693
711145293
710873363
710544489
710306706
710075553
708825603
707043613
706767331
704695855
704685305
703547909
703534395
702425424
702318659
701990098
701310942
699299354
698725440
698495226
698492251
698255999
698015021
698009888
697269073
696644110
696564890
695588778
695540870
695209387
694003549
693704259
692542340
692214112
691367808
690452555
690403808
689981082
689541742
688777484
688457921
685924112
685911390
684858751
684726644
683614285
682956251
682725441
681891634
681551317
680076740
679309944
678937117
678366653
675640686
675086334
674713160
674167478
673826082
673792434
673790949
673624336
672734034
672563087
672560934
672253980
671882584
671789273
671576778
670928905
670683930
670562510
669930025
669772858
669593913
669571871
668688840
668011959
666943161
665840102
665704376
664791673
664619413
664292367
664097042
663803054
662874899
662008468
660807771
660670083
659789922
659441108
658922153
656631234
655880544
655759233
655651531
653444783
651596463
650304205
649502880
648103222
647131387
647026814
646557521
646343164
645976461
645678157
645645831
645498491
645197007
643528489
643339191
643167626
642930439
641758034
639134232
638336814
637024807
636892753
636584756
635913057
633991093
633944611
633254852
633237967
632897835
632686489
632229973
631651236
631582694
631144727
628482081
628426309
628384273
625153343
623883673
623396320
622786762
622701228
622109282
621907150
621580993
621392850
621063123
620333455
620131626
618191055
617727516
617508507
616806250
616295859
616059367
616048662
615929580
615599270
614583910
614505125
613954737
613934424
613854499
613053860
613049317
613003890
612552715
612473438
612320835
612291123
612194327
611565055
611538202
610721319
610461600
610126278
609716165
609162932
609145013
608869375
608529487
607422614
607317226
607235594
606686978
606642116
606152352
606120909
605473972
604970794
604731111
604569551
604287566
603579490
602733247
601121528
599984772
599411414
598708877
598608834
596775675
596506336
595046889
594564074
594359613
593328731
593124181
592660274
590979296
590862815
590513966
590434998
590397603
590283769
590224231
590061845
589807688
589167171
589166788
589094038
588853684
588114821
588109643
588105663
587901152
587818236
587805225
586421406
585884521
584656759
584196162
583791772
582982614
582509070
582285553
581875230
580725355
579832520
579438487
579266087
579154941
578645903
578374619
577300841
577158410
576881288
576829740
576816370
576776395
576707588
576525274
576497514
575668118
575487479
575324292
575205770
574908773
574515154
574233653
573435405
572674462
572280348
572213724
571613255
571241215
571149110
570992515
570610906
570417159
569937943
569588761
568746976
567167032
566939154
566267018
565818079
565203147
564919270
564620674
564537620
564126555
563926053
563902171
563724375
563534285
563206427
563156107
563100357
562880959
562450242
562318036
562090160
562040104
561840561
561601109
561309607
561294331
561178954
561128097
560977262
560974075
560543147
560293803
560283888
560047735
559901403
559894789
559866196
559616962
559587648
559456251
559388547
559301301
559026838
558738006
558390961
558025303
558020047
557403522
556812942
556606946
555978275
555552618
555521869
555415174
554938079
554798065
554023856
553982462
553813843
553725784
553517577
553388954
553271427
553220236
553046706
552876652
552247264
552230587
552155581
551580177
551241723
550745390
550036767
549506047
549280320
549269185
549167219
549029249
548709468
548348500
548270420
547986972
547879962
547641707
547497821
547241997
547106401
547039061
546991816
546955609
546540009
546535132
546460809
545964899
545873809
545826870
545480522
544948263
544649383
544338544
544016666
543774142
543552361
543489618
543287766
543206397
543022199
542541078
541821609
541773179
541739560
541317937
541212081
541203887
541041409
540965420
540890152
540889162
540520209
539652887
539581811
539506020
539295006
539243494
539081896
539057850
538909602
538449825
538153677
537272842
536511287
536300101
535981157
535707887
535046861
535013911
534283042
533962713
533679199
533633091
533632728
532966113
532910673
532842207
532559936
532257955
532138413
531738761
531560741
531551523
531446268
531179266
530804620
530765432
530433086
530169244
529965951
529941470
529908349
529289347
528871866
528806902
528582027
527895060
527741041
527218061
527114087
526858018
526496783
526478552
526008850
525958153
525932046
525837469
525539347
525502185
524132277
524121088
524121086
524076734
523853564
523814865
523675956
523573684
523530084
523275205
522854180
522794478
522769321
522526941
522315310
522216379
521306007
520935888
520019396
519946367
519876706
519232551
519057809
518885001
518516184
518427476
518144409
517829510
517630279
517618248
517292715
517291058
517156958
517030587
517024626
516655399
516432865
516305312
516223085
516187779
515856405
515388913
514990701
514984736
514638647
514525619
514473343
514216232
514020932
513783292
513576937
513519741
513493139
513342416
513145899
512620223
512618125
512333167
512321214
511931828
511701952
511701867
511582552
511513624
511349969
510689004
510636986
510338299
510290572
510087655
509898237
509747231
509225603
509086215
508960023
508951653
508814731
508530300
508327338
508281664
507421136
507184416
507001860
506962581
506134475
505969248
505918303
505781935
505696200
505250345
505194912
505124136
504894199
504465557
504339195
504263183
504230628
503871201
503753641
503722363
503474599
503371111
503239963
503157717
502939690
502406391
501982211
501979790
501924312
501728252
501574923
501431598
501186272
501014660
500949006
500787601
500732635
500714042
500300667
500174451
500098060
499890341
499803146
499529123
499138953
498966511
498895885
498132992
497812753
497793140
497737567
497626570
497376746
497238925
496933875
496624563
496334228
496165085
496027611
495994011
495603525
494775430
494746279
494493098
494374041
494354926
494309690
494275997
493879710
493823868
493682636
493291719
493226479
492712159
492660974
492459433
492036392
491305136
491260280
491225214
490954146
490644003
489598290
489419319
489382166
488840169
488412043
488377753
488196808
487850604
487625826
487562235
487412476
486772086
485683246
485668186
485174168
485017633
484986855
484749133
484748224
484080761
483853327
483511019
483456421
483327864
483214798
482924551
482830360
482104981
481406027
481174188
481158208
783463172
781967804
781257273
778721053
777666209
776947552
775694593
774974183
770498335
768091225
768017951
763530412
762740096
761147339
759733455
759509945
759349281
756942088
756274538
755864434
755390927
754485233
753996128
753081541
752982997
752357254
751592234
750321049
747376501
747340824
747190127
747049054
746936973
746906930
745998056
745859539
744289041
744101886
743707830
743664891
743338846
742952354
741627766
740708505
739873020
739456439
739231862
737314500
737188263
736998818
736285922
736245865
735640037
734450841
733763599
732704251
729872745
729387205
723428990
722127586
721890332
721390951
721050559
719672188
719599923
719452043
719408966
718641820
718394110
718386869
716103097
715604752
715187701
714987453
713818289
712377230
712340575
711738149
711321760
711291693
711145293
710873363
710544489
710306706
710075553
708825603
707043613
706767331
704695855
704685305
703547909
703534395
702425424
702318659
701990098
701310942
699299354
698725440
698495226
698492251
698255999
698015021
698009888
697269073
696644110
696564890
695588778
695540870
695209387
694003549
693704259
692542340
692214112
691367808
690452555
690403808
689981082
689541742
688777484
688457921
685924112
685911390
684858751
684726644
683614285
682956251
682725441
681891634
681551317
680076740
679309944
678937117
678366653
675640686
675086334
674713160
674167478
673826082
673792434
673790949
673624336
672734034
672563087
672560934
672253980
671882584
671789273
671576778
670928905
670683930
670562510
669930025
669772858
669593913
669571871
668688840
668011959
666943161
665840102
665704376
664791673
664619413
664292367
664097042
663803054
662874899
662008468
660807771
660670083
659789922
659441108
658922153
656631234
655880544
655759233
655651531
653444783
651596463
650304205
649502880
648103222
647131387
647026814
646557521
646343164
645976461
645678157
645645831
645498491
645197007
643528489
643339191
643167626
642930439
641758034
639134232
638336814
637024807
636892753
636584756
635913057
633991093
633944611
633254852
633237967
632897835
632686489
632229973
631651236
631582694
628482081
628426309
628384273
625153343
623883673
623396320
622786762
622701228
622109282
621907150
621580993
621392850
621063123
620333455
620131626
618191055
617727516
617508507
616806250
616295859
616059367
616048662
615929580
615599270
614583910
614505125
613954737
613934424
613854499
613053860
613049317
613003890
612552715
612473438
612320835
612291123
612194327
611565055
611538202
610721319
610461600
610126278
609716165
609162932
609145013
608869375
608529487
607422614
607317226
607235594
606686978
606642116
606152352
606120909
605473972
604970794
604731111
604569551
604287566
603579490
602733247
601121528
599984772
599411414
598708877
598608834
596775675
596506336
595046889
594564074
594359613
593328731
593124181
592660274
590979296
590862815
590513966
590434998
590397603
590283769
590224231
590061845
589807688
589167171
589166788
589094038
588853684
588114821
588109643
588105663
587901152
587818236
587805225
586421406
585884521
584656759
584196162
583791772
582982614
582509070
582285553
581875230
580725355
579832520
579438487
579266087
579154941
578645903
578374619
577300841
577158410
576881288
576829740
576816370
576776395
576707588
576525274
576497514
575668118
575487479
575324292
575205770
574908773
574515154
574233653
573435405
572674462
572280348
572213724
571613255
571241215
571149110
570992515
570610906
570417159
569937943
569588761
568746976
567167032
566939154
566267018
565818079
565203147
564919270
564620674
564537620
564126555
563926053
563902171
563724375
563534285
563206427
563156107
563100357
562880959
562450242
562318036
562090160
562040104
561840561
561601109
561309607
561294331
561178954
561128097
560977262
560974075
560543147
560293803
560283888
560047735
559901403
559894789
559866196
559616962
559587648
559456251
559388547
559301301
559026838
558738006
558390961
558025303
558020047
557403522
556812942
556606946
555978275
555552618
555521869
555415174
554938079
554798065
554023856
553982462
553813843
553725784
553517577
553388954
553271427
553220236
553046706
552876652
552247264
552230587
552155581
551580177
551241723
550745390
550036767
549506047
549280320
549269185
549167219
549029249
548709468
548348500
548270420
547986972
547879962
547641707
547497821
547241997
547106401
547039061
546991816
546955609
546540009
546535132
546460809
545964899
545873809
545826870
545480522
544948263
544649383
544338544
544016666
543774142
543552361
543489618
543287766
543206397
543022199
542541078
541821609
541773179
541739560
541317937
541212081
541203887
541041409
540965420
540890152
540889162
540520209
539652887
539581811
539506020
539295006
539243494
539081896
539057850
538909602
538449825
538153677
537272842
536511287
536300101
535981157
535707887
535046861
535013911
534283042
533962713
533679199
533633091
533632728
532966113
532910673
532842207
532559936
532257955
532138413
531738761
531560741
531551523
531446268
531179266
530804620
530765432
530433086
530169244
529965951
529941470
529908349
529289347
528871866
528806902
528582027
527895060
527741041
527218061
527114087
526858018
526496783
526478552
526008850
525958153
525932046
525837469
525539347
525502185
524132277
524121088
524121086
524076734
523853564
523814865
523675956
523573684
523530084
523275205
522854180
522794478
522769321
522526941
522315310
522216379
521306007
520935888
520019396
519946367
519876706
519232551
519057809
518885001
518516184
518427476
518144409
517829510
517630279
517618248
517292715
517291058
517156958
517030587
517024626
516655399
516432865
516305312
516223085
516187779
515856405
515388913
514990701
514984736
514638647
514525619
514473343
514216232
514020932
513783292
513576937
513519741
513493139
513342416
513145899
512620223
512618125
512333167
512321214
511931828
511701952
511701867
511582552
511513624
511349969
510689004
510636986
510338299
510290572
510087655
509898237
509747231
509225603
509086215
508960023
508951653
508814731
508530300
508327338
508281664
507421136
507184416
507001860
506962581
506134475
505969248
505918303
505781935
505696200
505250345
505194912
505124136
504894199
504465557
504339195
504263183
504230628
503871201
503753641
503722363
503474599
503371111
503239963
503157717
502939690
502406391
501982211
501979790
501924312
501728252
501574923
501431598
501186272
501014660
500949006
500787601
500732635
500714042
500300667
500174451
500098060
499890341
499803146
499529123
499138953
498966511
498895885
498132992
497812753
497793140
497737567
497626570
497376746
497238925
496933875
496624563
496334228
496165085
496027611
495994011
495603525
494775430
494746279
494493098
494374041
494354926
494309690
494275997
493879710
493823868
493682636
493291719
493226479
492712159
492660974
492459433
492036392
491305136
491260280
491225214
490954146
490644003
489598290
489419319
489382166
488840169
488412043
488377753
488196808
487850604
487625826
487562235
487412476
486772086
485683246
485668186
485174168
485017633
484986855
484749133
484748224
484080761
483853327
483511019
483456421
483327864
483214798
482924551
482830360
482104981
481406027
481174188
481158208
481101523
