522315310
672563087
550745390
528582027
633254852
562090160
532257955
484986855
538909602
610721319
505124136
537272842
544016666
587805225
519946367
583791772
612194327
499138953
527895060
570610906
501014660
488840169
751592234
551241723
532138413
598708877
505918303
577158410
563926053
516305312
502406391
548270420
524076734
590979296
492712159
512321214
683614285
670683930
547039061
576707588
531179266
491260280
547986972
561128097
498132992
559456251
590283769
734450841
621580993
742952354
613854499
617508507
497812753
518516184
539506020
559026838
541041409
486772086
496027611
498895885
595046889
588853684
563156107
552230587
505250345
519876706
489598290
485683246
497793140
498966511
736285922
518427476
497626570
515856405
521306007
612473438
576497514
501979790
552155581
598608834
704695855
566267018
590061845
514020932
616806250
488196808
671789273
608869375
503474599
532842207
526478552
532559936
599984772
590862815
515388913
559866196
