778501000
774040328
770388964
751592234
748493742
747725577
742952354
738671440
736285922
735627159
734450841
704695855
694266663
683614285
678721973
672563087
671789273
670683930
670546071
669736480
658458974
646407302
633254852
631821662
631005285
628457210
624886774
621580993
619368063
619005024
618852947
617508507
616806250
614185811
613854499
613445444
613138876
612473438
612194327
611643320
610721319
608933430
608869375
602644874
600946387
599984772
598778122
598708877
598608834
595046889
590979296
590862815
590793995
590283769
590061845
589810336
588853684
587805225
583791772
580995687
577158410
576707588
576497514
570610906
566267018
565432277
564203575
563926053
563156107
562090160
561128097
561024975
559979247
559866196
559731321
559456251
559026838
558992552
557940690
556686939
554081685
552392223
552247300
552230587
552155581
551241723
550745390
550295935
549958135
548270420
547986972
547039061
545476536
544016666
541041409
539540212
539506020
539040110
538909602
537272842
534622704
532842207
532559936
532257955
532138413
531595457
531179266
528582027
527895060
527320961
526478552
524076734
522315310
521306007
519946367
519876706
518516184
518427476
516594242
516305312
515856405
515643638
515388913
514020932
512321214
510807028
505918303
505250345
505124136
504799140
504245783
503474599
502406391
501979790
501014660
500813420
499138953
498966511
498895885
498132992
497812753
497793140
497626570
496027611
494537186
492712159
492657059
491260280
491024215
489598290
489429986
488840169
488196808
486772086
485683246
484986855
480549175
479019228
478996059
477152506
476856163
476719719
476257235
474850580
474199062
473987931
473684364
473519190
472488710
472290942
472068187
470035413
468265067
467899299
466849879
465478143
465200158
464835934
464334329
464071777
462859785
460868765
459455575
459158632
458136881
457469884
455983247
455857407
455530179
455462810
454830144
453989634
453436210
453122395
452694809
452109124
451949959
451140695
450995918
450762362
450639572
450512644
450026315
449293101
448582777
448219586
447978037
447906474
447707819
447524382
447215447
446857607
446761287
446377988
446149579
445992125
445123386
444514495
444381032
443625670
443452734
443437104
443225993
442873395
442819127
441882800
441836661
441673420
441236831
441112784
440725821
440493032
440110281
439719500
438319788
437229406
436598443
435070723
434706700
434200801
433930940
433885757
433699005
433518462
432832918
432166372
430621985
430052104
429846583
429639631
427964396
427356253
425886698
425882007
423098645
421543708
421482216
421377873
420951978
420547797
420427460
419996065
419632981
419533656
418993777
418867773
418253498
417758643
417241726
417010868
416874957
416486578
416428601
415733028
414881769
413907417
411413747
411338125
411333137
410647716
409905867
409874433
407520815
407262691
406533198
406272392
405028159
404807235
404376584
404319983
404196240
402626601
401997938
400903170
400387828
399894907
398087020
397554557
397007668
396847203
396693855
396411207
396376704
396271409
396216820
394930007
394715239
394621715
394182983
394164788
393876380
391859780
391853880
391452109
391323733
390775716
390444793
389565672
389287143
389045902
388399492
388192409
388172892
387954298
387238601
386386631
383597441
383454061
383144027
382721846
382049294
381914093
381772094
381521069
380986053
380450839
380200444
379930775
379774145
379754877
379536304
379425604
378290309
377872321
377811686
377178040
376742549
374800729
374644909
373996950
373495978
372893611
372154514
372149348
371742033
371419847
371403599
371160157
370710059
370193055
369093747
368121083
368062460
367641539
367607809
366852802
366743099
366430619
365590378
365339791
365298470
364027772
363662597
363573768
361877047
361071445
360104782
359483832
359156814
357585652
357246127
357053593
357032613
356401741
356161678
355991941
355908137
355747652
354659335
354157936
354070735
353832852
352975095
352881128
352431114
352077931
351990419
351853699
351728313
351684861
350456726
349994845
348855215
348838776
348823988
348573058
348455579
348245814
347590912
347448591
347222264
346348818
345950542
345929663
345835572
345059333
344349966
343706442
342300463
341910717
341327377
341101658
340847381
340758625
340409628
339724512
339539298
338251571
338159160
337246223
336606138
336251645
336139798
335662030
335237687
335119619
334803517
334774360
334710567
334464968
333223214
333156657
333062893
332522543
332446830
331492442
331186183
331139323
330296061
329942347
329760692
329290770
329146802
329126357
328751160
328610713
327183443
327167945
327113687
326874206
326811646
326585224
325660835
325235764
324597551
324422866
324313708
323972071
323919106
323327540
323181201
322638819
322459296
322452696
322420441
321887642
321500133
321024100
320827030
320597217
320462455
320341140
320312770
320168671
319353144
318997277
318750664
318134405
317922009
317564183
317441078
317278929
317137179
317093029
316219852
316113590
315653921
313811666
313796992
313596122
312497353
311742066
311129883
310554270
310282693
309292527
309159528
308872986
307914220
306999895
306801118
306497675
306445705
306359311
306147148
305998534
305996332
305890698
305733478
305308625
305231265
305065501
304347385
304265161
304086177
303824458
303592727
303146492
302959237
302901961
302854087
302127297
301906620
301883649
301350045
300687979
300508612
300399278
299972267
299671589
298773958
298674396
298275316
298073372
297981398
297623007
297278036
296914440
296649586
295231922
294363509
293321458
293209707
292507719
292433990
292124006
292062258
291802008
291181534
291009258
290812383
290546690
290437267
290023312
289648055
289411826
289191102
288712484
288603641
288584366
288346850
288116415
288007077
287967085
287948630
287818151
287753984
287640887
285969865
285388625
284940629
284060220
284030961
283870273
283547298
283506750
283486988
283281385
283106942
282754919
282371137
282315333
282154847
280678121
280498216
280454715
280315415
279784417
279497322
279096741
278945415
278897966
278699620
278341529
278096068
277691445
277374008
277074275
277012761
276614915
276174002
275575122
274881742
274453255
274291835
274166109
273966481
273942328
273775999
273746659
273742912
273298377
272669716
272466081
272411934
272245501
271974240
271880511
271730940
271729832
778501000
774040328
770388964
751592234
748493742
747725577
742952354
738671440
736285922
735627159
734450841
704695855
694266663
683614285
678721973
672563087
671789273
670683930
670546071
669736480
658458974
646407302
633254852
631821662
631005285
628457210
624886774
621580993
619368063
619005024
618852947
617508507
616806250
614185811
613854499
613445444
613138876
612473438
612194327
611643320
610721319
608933430
608869375
602644874
600946387
599984772
598778122
598708877
598608834
595046889
590979296
590862815
590793995
590283769
590061845
589810336
588853684
587805225
583791772
580995687
577158410
576707588
576497514
570610906
566267018
565432277
564203575
563926053
563156107
562090160
561128097
561024975
559979247
559866196
559731321
559456251
559026838
558992552
557940690
556686939
554081685
552392223
552247300
552230587
552155581
551241723
550745390
550295935
549958135
548270420
547986972
547039061
545476536
544016666
541041409
539540212
539506020
539040110
538909602
537272842
534622704
532842207
532559936
532257955
532138413
531595457
531179266
528582027
527895060
527320961
526478552
524076734
522315310
521306007
519946367
519876706
518516184
518427476
516594242
516305312
515856405
515643638
515388913
514020932
512321214
510807028
505918303
505250345
505124136
504799140
504245783
503474599
502406391
501979790
501014660
500813420
499138953
498966511
498895885
498132992
497812753
497793140
497626570
496027611
494537186
492712159
492657059
491260280
491024215
489598290
489429986
488840169
488196808
486772086
485683246
484986855
480549175
479019228
478996059
477152506
476856163
476719719
476257235
474850580
474199062
473987931
473684364
473519190
472488710
472290942
472068187
470035413
468265067
467899299
466849879
465478143
465200158
464835934
464334329
464071777
462859785
460868765
459455575
459158632
458136881
457469884
455983247
455857407
455530179
455462810
454830144
453989634
453436210
453122395
452694809
452109124
451949959
451140695
450995918
450762362
450639572
450512644
450026315
449293101
448582777
448219586
447978037
447906474
447707819
447524382
447215447
446857607
446761287
446377988
446149579
445992125
445123386
444514495
444381032
443625670
443452734
443437104
443225993
442873395
442819127
441882800
441836661
441673420
441236831
441112784
440725821
440493032
440110281
439719500
438319788
437229406
436598443
435070723
434706700
434200801
433930940
433885757
433699005
433518462
432832918
432166372
430621985
430052104
429846583
429639631
427964396
427356253
425886698
425882007
423098645
421543708
421482216
421377873
420951978
420547797
420427460
419996065
419632981
419533656
418993777
418867773
418253498
417758643
417241726
417010868
416874957
416486578
416428601
415733028
414881769
413907417
411413747
411338125
411333137
410647716
409905867
409874433
407520815
407262691
406533198
406272392
405028159
404807235
404376584
404319983
404196240
402626601
401997938
400903170
400387828
399894907
398087020
397554557
397007668
396847203
396693855
396411207
396376704
396271409
396216820
394930007
394715239
394621715
394182983
394164788
393876380
391859780
391853880
391452109
391323733
390775716
390444793
389565672
389287143
389045902
388399492
388192409
388172892
387954298
387238601
386386631
383597441
383454061
383144027
382721846
382049294
381914093
381772094
381521069
380986053
380450839
380200444
379930775
379774145
379754877
379536304
379425604
378290309
377872321
377811686
377178040
376742549
374800729
374644909
373996950
373495978
372893611
372154514
372149348
371742033
371419847
371403599
371160157
370710059
370193055
369093747
368121083
368062460
367641539
367607809
366852802
366743099
366430619
365590378
365339791
365298470
364027772
363662597
363573768
361877047
361071445
360104782
359483832
359156814
357585652
357246127
357053593
357032613
356401741
356161678
355991941
355908137
355747652
354659335
354157936
354070735
353832852
352975095
352881128
352431114
352077931
351990419
351853699
351728313
351684861
350456726
349994845
348855215
348838776
348823988
348573058
348455579
348245814
347590912
347448591
347222264
346348818
345950542
345929663
345835572
345059333
344349966
343706442
342300463
341910717
341327377
341101658
340847381
340758625
340409628
339724512
339539298
338251571
338159160
337246223
336606138
336251645
336139798
335662030
335237687
335119619
334803517
334774360
334710567
334464968
333223214
333156657
333062893
332522543
332446830
331492442
331186183
331139323
330296061
329942347
329760692
329290770
329146802
329126357
328751160
328610713
327183443
327167945
327113687
326874206
326811646
326585224
325660835
325235764
324597551
324422866
324313708
323972071
323919106
323327540
323181201
322638819
322459296
322452696
322420441
321887642
321500133
321024100
320827030
320597217
320462455
320341140
320312770
320168671
319353144
318997277
318750664
318134405
317922009
317564183
317441078
317278929
317137179
317093029
316219852
316113590
315653921
313811666
313796992
313596122
312497353
311742066
311129883
310554270
310282693
309292527
309159528
308872986
307914220
306999895
306801118
306497675
306445705
306359311
306147148
305998534
305996332
305890698
305733478
305308625
305231265
305065501
304347385
304265161
304086177
303824458
303592727
303146492
302959237
302901961
302854087
302127297
301906620
301883649
301350045
300687979
300508612
300399278
299972267
299671589
298773958
298674396
298275316
298073372
297981398
297623007
297278036
296914440
296649586
295231922
294363509
293321458
293209707
292507719
292433990
292124006
292062258
291802008
291181534
291009258
290812383
290546690
290437267
290023312
289648055
289411826
289191102
288712484
288603641
288584366
288346850
288116415
288007077
287967085
287948630
287818151
287753984
287640887
285969865
285388625
284940629
284060220
284030961
283870273
283547298
283506750
283486988
283281385
283106942
282754919
282371137
282315333
282154847
280678121
280498216
280454715
280315415
279784417
279497322
279096741
278945415
278897966
278699620
278341529
278096068
277691445
277374008
277074275
277012761
276614915
276174002
275575122
274881742
274453255
274291835
274166109
273966481
273942328
273775999
273746659
273742912
273298377
272669716
272466081
272411934
272245501
271974240
271880511
271730940
271729832
271504828
778501000
774040328
770388964
751592234
748493742
747725577
742952354
738671440
736285922
735627159
734450841
704695855
694266663
683614285
678721973
672563087
671789273
670683930
670546071
669736480
658458974
646407302
633254852
631821662
631005285
628457210
624886774
621580993
619368063
619005024
618852947
617508507
616806250
614185811
613854499
613445444
613138876
612473438
612194327
611643320
610721319
608933430
608869375
602644874
600946387
599984772
598778122
598708877
598608834
595046889
590979296
590862815
590793995
590283769
590061845
589810336
588853684
587805225
583791772
580995687
577158410
576707588
576497514
570610906
566267018
565432277
564203575
563926053
563156107
562090160
561128097
561024975
559979247
559866196
559731321
559456251
559026838
558992552
557940690
556686939
554081685
552392223
552247300
552230587
552155581
551241723
550745390
550295935
549958135
548270420
547986972
547039061
545476536
544016666
541041409
539540212
539506020
539040110
538909602
537272842
534622704
532842207
532559936
532257955
532138413
531595457
531179266
528582027
527895060
527320961
526478552
524076734
522315310
521306007
519946367
519876706
518516184
518427476
516594242
516305312
515856405
515643638
515388913
514020932
512321214
510807028
505918303
505250345
505124136
504799140
504245783
503474599
502406391
501979790
501014660
500813420
499138953
498966511
498895885
498132992
497812753
497793140
497626570
496027611
494537186
492712159
492657059
491260280
491024215
489598290
489429986
488840169
488196808
486772086
485683246
484986855
480549175
479019228
478996059
477152506
476856163
476719719
476257235
474850580
474199062
473987931
473684364
473519190
472488710
472290942
472068187
470035413
468265067
467899299
466849879
465478143
465200158
464835934
464334329
464071777
462859785
460868765
459455575
459158632
458136881
457469884
455983247
455857407
455530179
455462810
454830144
453989634
453436210
453122395
452694809
452109124
451949959
451140695
450995918
450762362
450639572
450512644
450026315
449293101
448582777
448219586
447978037
447906474
447707819
447524382
447215447
446857607
446761287
446377988
446149579
445992125
445123386
444514495
444381032
443625670
443452734
443437104
443225993
442873395
442819127
441882800
441836661
441673420
441236831
441112784
440725821
440493032
440110281
439719500
438319788
437229406
436598443
435070723
434706700
434200801
433930940
433885757
433699005
433518462
432832918
432166372
430621985
430052104
429846583
429639631
427964396
427356253
425886698
425882007
423098645
421543708
421482216
421377873
420951978
420547797
420427460
419996065
419632981
419533656
418993777
418867773
418253498
417758643
417241726
417010868
416874957
416486578
416428601
415733028
414881769
413907417
411413747
411338125
411333137
410647716
409905867
409874433
407520815
407262691
406533198
406272392
405028159
404807235
404376584
404319983
404196240
402626601
401997938
400903170
400387828
399894907
398087020
397554557
397007668
396847203
396693855
396411207
396376704
396271409
396216820
394930007
394715239
394621715
394182983
394164788
393876380
391859780
391853880
391452109
391323733
390775716
390444793
389565672
389287143
389045902
388399492
388192409
388172892
387954298
387238601
386386631
383597441
383454061
383144027
382721846
382049294
381914093
381772094
381521069
380986053
380450839
380200444
379930775
379774145
379754877
379536304
379425604
378290309
377872321
377811686
377178040
376742549
374800729
374644909
373996950
373495978
372893611
372154514
372149348
371742033
371419847
371403599
371160157
370710059
370193055
369093747
368121083
368062460
367641539
367607809
366852802
366743099
366430619
365590378
365339791
365298470
364027772
363662597
363573768
361877047
361071445
360104782
359483832
359156814
357585652
357246127
357053593
357032613
356401741
356161678
355991941
355908137
355747652
354659335
354157936
354070735
353832852
352975095
352881128
352431114
352077931
351990419
351853699
351728313
351684861
350456726
349994845
348855215
348838776
348823988
348573058
348455579
348245814
347590912
347448591
347222264
346348818
345950542
345929663
345835572
345059333
344349966
343706442
342300463
341910717
341327377
341101658
340847381
340758625
340409628
339724512
339539298
338251571
338159160
337246223
336606138
336251645
336139798
335662030
335237687
335119619
334803517
334774360
334710567
334464968
333223214
333156657
333062893
332522543
332446830
331492442
331186183
331139323
330296061
329942347
329760692
329290770
329146802
329126357
328751160
328610713
327183443
327167945
327113687
326874206
326811646
326585224
325660835
325235764
324597551
324422866
324313708
323972071
323919106
323327540
323181201
322638819
322459296
322452696
322420441
321887642
321500133
321024100
320827030
320597217
320462455
320341140
320312770
320168671
319353144
318997277
318750664
318134405
317922009
317564183
317441078
317278929
317137179
317093029
316219852
316113590
315653921
313811666
313796992
313596122
312497353
311742066
311129883
310554270
310282693
309292527
309159528
308872986
307914220
306999895
306801118
306497675
306445705
306359311
306147148
305998534
305996332
305890698
305733478
305308625
305231265
305065501
304347385
304265161
304086177
303824458
303592727
303146492
302959237
302901961
302854087
302127297
301906620
301883649
301350045
300687979
300508612
300399278
299972267
299671589
298773958
298674396
298275316
298073372
297981398
297623007
297278036
296914440
296649586
295231922
294363509
293321458
293209707
292507719
292433990
292124006
292062258
291802008
291181534
291009258
290812383
290546690
290437267
290023312
289648055
289411826
289191102
288712484
288603641
288584366
288346850
288116415
288007077
287967085
287948630
287818151
287753984
287640887
285969865
285388625
284940629
284060220
284030961
283870273
283547298
283506750
283486988
283281385
283106942
282754919
282371137
282315333
282154847
280678121
280498216
280454715
280315415
279784417
279497322
279096741
278945415
278897966
278699620
278341529
278096068
277691445
277374008
277074275
277012761
276614915
276174002
275575122
274881742
274453255
274291835
274166109
273966481
273942328
273775999
273746659
273742912
273298377
272669716
272466081
272411934
272245501
271974240
271880511
271730940
271729832
271504828
271296292
